image: /home/ytl/map0327.pgm
resolution: 0.0681
origin: [0.000000, -60.000000, 0.000000]
negate: 0
occupied_thresh: 0.65
free_thresh: 0.196
